name	x	y	level	cluster	boundary
374	-11.259036	-249.72289	1	0	false
29	537.5272	345.9074	1	5	false
389	-171.75719	128.21916	1	1	false
342	17.918514	-243.14127	1	0	false
64	-81.19258	253.93024	1	1	false
277	-203.60417	-153.60606	1	0	false
41	436.8244	140.87178	1	0	false
12	462.48718	417.36023	1	5	false
53	-185.89554	-199.78835	1	0	false
62	222.65308	-182.55804	1	0	false
365	-97.87221	-251.4343	1	0	false
225	166.6304	-206.29951	1	0	false
25	254.71075	543.12476	1	5	false
321	-248.12631	11.106681	1	3	true
330	-108.59976	-194.8812	2	0	false
338	-173.94467	83.792915	2	2	true
63	-137.44807	-116.11593	2	0	false
211	-39.722782	-227.82648	2	0	false
11	364.2739	189.01263	2	5	false
237	-38.41037	232.35002	2	1	false
154	-220.079	-77.513214	2	4	false
54	-176.96591	-7.5732174	2	4	false
86	-126.01825	96.94666	2	1	false
39	432.41092	224.16791	2	5	false
158	-169.72685	51.45324	2	3	false
304	-122.018936	-146.33708	2	0	false
183	-157.81905	144.84898	2	1	false
3	343.5223	152.47182	2	0	false
165	30.751308	-216.93513	2	0	false
49	467.40546	396.5328	2	5	false
107	270.9436	72.773	2	0	false
261	16.516394	-202.80795	2	0	false
397	-169.40707	-98.97289	2	0	false
285	219.07117	-94.27633	2	0	false
390	-178.81738	-98.43525	2	4	false
65	170.22972	-143.70709	2	0	false
28	413.95804	357.2641	2	5	false
345	98.267456	-187.82684	2	0	false
33	363.1956	175.40982	2	5	false
263	-114.39874	166.73317	2	1	false
13	173.2994	441.5191	2	5	false
350	-225.06032	-21.077011	2	4	false
276	134.30276	-179.09984	2	0	false
26	341.62436	418.16544	2	5	false
274	-195.00926	71.41676	2	1	true
142	-132.22952	-180.49338	2	0	false
35	104.96326	335.95297	2	0	false
305	-76.24017	234.62534	2	1	false
219	-146.26271	83.09285	2	2	false
0	277.1073	400.46902	2	5	false
166	-80.78051	-203.6032	2	0	false
297	-153.91031	145.77835	2	1	false
202	-169.37378	-1.3816514	3	4	false
291	-149.8285	-16.915379	3	4	false
5	170.28421	341.6603	3	5	true
239	-102.210464	151.23398	3	1	true
192	8.129105	-187.91606	3	0	false
190	228.64421	56.324734	3	0	false
36	269.63177	366.39264	3	5	false
19	352.77722	203.18008	3	5	false
48	307.1513	363.72964	3	5	false
318	164.42943	-110.08678	3	0	false
313	-45.19538	-184.21477	3	0	true
169	238.48953	65.72174	3	0	false
269	-79.2686	-147.80869	3	0	false
364	-116.899086	-130.93163	3	0	false
70	-175.58673	-69.88502	3	4	false
127	-144.63612	25.10012	3	3	false
179	58.719772	-189.57101	3	0	false
205	-127.562775	51.11152	3	3	false
9	198.77304	384.98657	3	5	false
110	233.28996	121.15203	3	0	false
45	237.63974	88.05203	3	0	false
46	400.2488	351.053	3	5	false
4	93.304184	274.21243	3	0	false
15	207.3328	378.91437	3	5	true
312	-135.3989	41.25921	3	3	false
198	91.08376	-161.16245	3	0	false
242	-24.001627	195.9121	3	1	false
173	-101.36949	116.764534	3	1	true
184	-94.25323	171.62259	3	1	false
317	-85.77553	84.44634	3	1	false
388	-113.00454	-92.56574	3	0	false
42	370.99667	265.48236	3	5	false
99	64.6676	217.85243	3	1	false
40	305.04565	391.32852	3	5	false
10	245.78436	170.92078	3	0	false
354	189.03012	-35.059868	3	0	false
281	218.6951	42.70663	3	0	false
138	184.49918	-103.99098	3	0	false
47	280.99628	380.27472	3	5	false
116	-7.5169363	-182.52867	3	0	false
295	-58.077038	172.21033	3	1	false
31	359.3127	325.91153	3	5	false
188	-120.58565	142.06744	3	1	false
248	-17.261633	205.9887	3	1	false
6	167.8791	319.7927	3	5	false
243	-106.99147	70.00505	3	2	false
131	86.15263	-160.53932	3	0	false
189	95.01634	-158.8736	3	0	false
333	128.68137	-157.57364	3	0	false
20	382.08398	332.21274	3	5	true
143	-34.03024	-192.84978	3	0	false
161	17.708551	-174.7191	3	0	false
315	-126.70319	-63.375324	3	0	false
327	66.78446	-165.8527	3	0	false
254	-114.60662	-118.34885	3	0	false
218	-134.0711	-14.673349	4	3	false
375	-98.82942	-41.37355	4	3	true
341	167.02068	-26.380781	4	0	false
160	-65.52057	81.284355	4	2	false
93	45.75322	-143.1085	4	0	false
347	-61.457928	127.507545	4	1	false
398	144.54628	-60.484337	4	0	false
104	67.20122	168.91063	4	0	false
148	97.88459	-120.99116	4	0	false
151	42.936527	186.65938	4	1	false
240	-84.985756	68.72678	4	2	false
355	189.72972	132.07889	4	0	true
43	272.5358	311.34467	4	5	true
332	-67.39904	107.23487	4	1	true
155	-91.9165	-50.779438	4	0	false
37	308.9297	267.85446	4	5	false
369	-3.963546	-140.42252	4	0	false
379	84.30967	-131.24313	4	0	false
296	-11.672845	166.5245	4	1	false
38	281.16772	356.67572	4	5	false
193	181.3914	-18.924833	4	0	false
1	227.15976	352.49377	4	5	false
298	185.29535	139.05122	4	0	false
215	-72.99163	158.59717	4	1	false
232	-87.28207	109.106384	4	1	false
135	-93.96557	57.025276	4	2	false
186	-107.54701	44.895947	4	3	false
286	-116.8376	30.895033	4	3	false
121	-68.91426	72.25805	4	2	false
147	198.17632	91.71252	4	0	false
371	-25.431263	-158.06992	4	0	true
208	99.59814	220.54393	4	0	false
393	78.041756	-134.39442	4	0	false
108	220.67258	76.12612	4	0	false
234	-99.50245	-99.99502	4	0	false
32	209.93204	196.36545	4	0	false
8	286.89252	368.7161	4	5	false
71	-43.879543	-148.98938	4	0	false
245	-3.0503352	-139.82074	4	0	false
81	-130.8426	25.994379	4	3	false
222	-29.999107	-179.09645	4	0	false
258	175.1153	36.055748	4	0	false
24	237.34	191.56995	4	5	false
30	338.3895	284.93704	4	5	false
21	293.99283	355.05276	4	5	false
380	-120.50855	2.415242	4	3	false
307	-128.67429	-50.187744	4	3	false
18	199.5278	264.85883	4	5	false
283	130.06158	-94.57363	4	0	false
214	182.2097	44.192802	4	0	false
84	-69.8521	-138.76537	4	0	false
217	-54.37176	146.52016	4	1	true
387	-26.924736	-164.3811	4	0	false
129	-140.09073	-49.677746	4	4	false
89	-108.22178	55.346073	4	3	false
111	-94.85139	-78.49279	4	0	false
27	346.54486	316.7599	4	5	false
249	148.17017	152.56865	5	0	true
284	5.483133	-120.21488	5	0	false
16	291.3243	272.18958	5	5	false
223	63.847107	148.36472	5	0	false
209	-53.692783	-134.99327	5	0	false
162	175.38728	54.50966	5	0	false
23	210.21979	262.00677	5	5	false
290	25.797575	155.05594	5	1	false
136	61.348694	-125.776085	5	0	false
201	-121.04441	-38.509644	5	4	true
382	-62.191833	38.119244	5	2	false
17	223.12674	255.90039	5	5	false
113	-99.71778	-35.808086	5	3	false
97	156.46066	9.476701	5	0	false
83	147.18646	15.52034	5	0	false
325	34.64501	166.34224	5	1	false
172	115.94166	-72.87768	5	0	false
7	284.4555	351.83887	5	5	false
117	-54.038475	-125.08786	5	0	false
177	-106.9304	-34.307823	5	4	true
377	-26.259296	-133.92604	5	0	false
118	-46.467243	129.8694	5	1	false
294	-76.6607	-90.357765	5	0	false
156	176.91861	113.74183	5	0	false
399	13.744662	146.33679	5	1	false
310	-55.51424	59.599804	5	2	false
206	112.128975	-74.099754	5	0	false
14	279.96518	271.24753	5	5	true
331	153.68518	43.02681	5	0	true
174	-27.907711	95.24175	5	1	false
119	-81.45753	-54.831367	5	0	false
195	-23.427197	-137.0588	5	0	false
384	-76.81651	-62.87932	5	0	true
194	184.36337	138.51822	5	0	false
58	-19.872522	134.63153	5	1	false
181	41.647675	157.96863	5	1	false
349	-91.45429	-39.17324	5	3	false
44	167.985	107.79361	5	0	false
187	-89.63092	20.501394	5	3	false
326	-120.381035	-28.223148	5	4	true
252	141.90118	-27.74444	5	0	false
137	-1.1200047	-128.55455	5	0	false
373	-60.427673	79.642715	5	2	false
266	-40.44808	129.06688	5	1	true
75	141.7599	1.8926382	5	0	false
301	-116.95311	1.0012019	5	3	false
55	130.65175	144.5424	5	0	false
199	80.87208	-77.400215	5	0	false
34	307.4552	279.25977	5	5	true
128	136.4348	-50.806183	5	0	false
2	271.0627	290.44516	5	5	false
102	8.088826	133.29565	6	1	false
275	-54.421	27.905777	6	2	false
134	63.447952	140.90906	6	1	false
176	117.98452	-19.214638	6	0	false
353	-65.528564	-31.630016	6	3	true
335	-41.59499	61.4695	6	2	false
69	-87.936554	1.9060963	6	4	false
236	-90.83008	0.9949421	6	4	false
171	-28.204828	121.205246	6	1	false
396	136.19675	134.4784	6	0	false
140	-40.691048	41.67046	6	2	true
328	50.919987	-71.887436	6	0	false
101	-20.256876	-116.69724	6	0	false
66	-75.721275	-54.918407	6	0	true
376	2.3731508	-122.42618	6	0	false
216	37.451637	-87.28281	6	0	false
164	-64.20457	27.013626	6	3	false
344	110.51102	-52.26508	6	0	false
352	-28.988409	-109.26024	6	0	false
343	-51.981224	61.226284	6	2	false
366	128.0939	27.277637	6	0	false
51	-38.022053	63.27363	6	2	false
288	-38.488876	-101.2896	6	0	false
157	-86.005806	-6.402731	6	4	false
230	145.13303	41.61131	6	0	false
278	68.84535	-54.126793	6	0	false
122	116.34607	-46.63573	6	0	false
79	133.0719	8.060484	6	0	false
76	123.918976	-14.659836	6	0	false
336	-6.189002	126.554474	6	1	false
59	-63.957413	-51.57026	6	3	false
82	-64.25878	30.620596	6	3	false
74	-24.635382	79.99512	6	1	false
279	-21.451674	91.02526	6	1	false
207	4.524404	-106.85393	6	0	false
264	-63.53747	-44.47614	6	3	false
359	85.99086	113.12821	6	0	false
72	124.05033	59.87458	6	0	true
370	59.46272	-61.530514	6	0	false
319	-60.81951	32.717102	6	3	false
228	147.98827	40.42348	6	0	true
378	-21.948057	92.17251	6	1	false
308	81.98253	-52.339447	6	0	false
178	-53.486134	-56.852924	6	0	false
213	-56.060726	-86.997665	6	0	false
229	-100.196434	-29.810425	6	4	false
306	39.59891	137.3929	6	1	false
383	-75.17862	-3.859818	6	3	false
255	43.49993	-83.89186	6	0	false
150	150.73718	105.34767	6	0	false
56	-57.835217	23.523314	7	3	false
88	103.59915	-11.232594	7	0	false
362	64.605255	-37.114655	7	0	false
386	0.9323819	95.748604	7	1	false
226	-54.71788	25.505018	7	3	false
282	-10.436689	70.80897	7	1	false
87	-59.75766	-8.677812	7	3	true
145	-55.03459	-47.0549	7	3	false
246	51.3704	-53.68179	7	0	false
346	55.3883	-55.40208	7	0	false
395	-58.236176	-18.232643	7	3	false
273	-37.000446	36.039364	7	2	false
114	39.52829	95.12931	7	1	false
267	65.60037	73.08777	7	0	false
287	102.3204	-22.530724	7	0	false
90	-29.462177	54.1745	7	2	true
340	13.761006	115.43382	7	1	false
314	36.87984	96.3282	7	1	false
385	-65.77473	-10.6249	7	3	false
221	0.022699973	83.892494	7	1	false
126	86.14205	-37.611675	7	0	false
372	-2.122521	79.57871	7	1	false
320	29.932972	-51.864452	7	0	true
146	53.100674	76.39329	7	1	false
109	9.669985	104.63045	7	1	false
247	24.11325	-59.547226	7	0	false
251	103.555145	80.354034	7	0	false
394	-88.219025	-1.1160643	7	4	false
257	-50.16752	-43.24438	7	0	false
98	-38.766567	60.66739	7	2	false
323	57.59353	-46.732132	7	0	false
268	91.52006	-44.21654	7	0	false
68	-56.096684	-44.106297	7	3	false
139	46.631924	-50.768555	7	0	false
238	-21.490696	61.01907	7	2	false
363	-22.574907	46.416016	7	2	false
78	90.67806	7.7371655	7	0	false
130	-36.48094	22.116688	7	2	false
96	91.978455	24.788586	7	0	false
85	-2.5212333	-94.800934	7	0	false
220	-33.09445	-39.73662	7	0	false
159	-43.215885	-74.172066	7	0	false
337	-36.710987	-88.94668	7	0	true
235	-23.144293	-59.807747	7	0	false
303	94.12375	46.76632	7	0	false
77	-84.681114	-2.5719469	7	4	false
141	91.455444	90.03254	7	0	false
163	-39.06208	-88.755196	7	0	false
329	-12.104162	44.80587	8	2	false
271	-20.424307	-53.070988	8	0	false
125	-54.654663	23.390314	8	3	false
311	-22.542793	21.16125	8	2	false
391	-15.731719	-62.939144	8	0	false
144	0.8713757	80.81736	8	1	false
167	82.69885	-20.630497	8	0	true
334	56.193996	-19.303833	8	0	false
80	6.912242	-45.466125	8	0	false
196	91.47875	0.4096101	8	0	false
197	81.51474	54.979134	8	0	false
103	-23.025482	35.715855	8	2	false
73	-12.598159	-69.24585	8	0	false
52	-24.222391	9.719806	8	0	false
357	23.00256	95.73926	8	1	false
120	13.2571745	92.00781	8	1	false
224	78.555885	19.194466	8	0	false
95	-39.841316	-8.357719	8	3	false
149	46.423367	-37.74928	8	0	false
92	87.87592	-25.290379	8	0	false
360	65.69111	52.106266	8	0	false
123	-37.190975	-33.469467	8	0	false
152	8.833414	-39.90182	8	0	false
22	25.217255	83.63498	8	1	false
105	19.376621	-24.041262	8	0	false
182	38.2797	-34.477516	8	0	true
115	-24.255932	-68.4996	8	0	false
392	-8.758761	-27.964233	8	0	true
265	3.0969424	-57.376244	8	0	false
367	4.687431	51.16168	8	1	false
256	70.62589	3.2484756	8	0	false
292	12.984178	88.250175	8	1	true
200	43.177895	-45.15417	8	0	false
356	48.63405	65.53937	8	1	false
50	-1.6437685	-64.97318	8	0	false
259	-26.65571	25.969501	8	2	false
358	54.803562	54.252644	8	0	false
106	74.93366	73.37095	8	0	false
175	83.58507	49.304535	8	0	false
293	-17.796274	38.30167	8	2	false
322	-37.163074	-21.883413	8	3	false
262	-34.78397	7.104735	8	3	true
231	-11.788317	42.097073	9	2	false
67	62.083786	28.997257	9	0	true
204	37.876446	-17.294369	9	0	false
260	26.404957	58.823223	9	1	true
94	9.515992	-21.8229	9	0	false
60	41.711216	5.5520563	9	0	false
244	43.061264	47.71488	9	1	false
381	64.751205	-1.9802114	9	0	false
133	22.65823	-10.851127	9	0	true
300	44.701912	61.117542	9	1	false
250	34.83157	-23.56935	9	0	false
324	5.703994	-24.938269	9	0	false
348	5.9446187	-38.117645	9	0	false
132	16.040396	52.70391	9	1	false
309	68.973816	45.471565	9	0	false
185	18.180613	47.403915	9	0	false
299	-0.6204785	-2.574985	9	0	false
112	9.864635	34.04728	9	2	false
253	6.7540674	-35.601055	9	0	false
57	20.249458	81.87633	9	1	false
91	53.387302	15.246114	9	0	false
180	67.105835	2.9040987	9	0	false
368	-13.197192	35.941105	9	2	false
100	-35.461117	-7.572791	9	3	false
272	72.64097	-7.5048933	9	0	false
227	-7.237535	-49.68604	9	0	false
316	-35.86196	-16.253828	9	3	false
168	-8.664387	23.273148	9	2	false
241	-9.509562	17.9094	9	2	false
203	22.913563	48.280865	10	1	false
280	1.490326	27.45465	10	2	false
170	31.683907	23.357925	10	0	true
153	31.317377	55.564278	10	1	true
339	36.816795	4.2777557	10	0	false
361	18.983212	37.91041	10	0	false
191	6.375978	-6.587656	10	0	false
302	37.28058	37.71617	10	0	true
212	7.4739428	17.675772	10	0	true
351	45.38858	8.3083515	10	0	false
289	20.396702	38.41319	10	0	false
233	9.038637	-0.5565185	10	0	true
210	15.543707	9.506285	10	0	false
270	26.666826	54.307682	10	1	true
61	18.255182	11.634192	10	0	true
124	20.77585	34.501305	10	0	false
